a,b,c,d,e,f,g
88,12,20,30,53,87,14
16,34,26,40,55,24,69
63,93,52,62,23,34,87
18,32,60,29,20,58,52
55,63,62,38,32,46,63
70,55,91,70,43,84,63
58,72,18,22,52,90,62
81,89,91,67,31,32,70
28,31,71,12,90,27,50
39,57,91,23,92,34,75
50,32,98,32,19,24,21
46,17,41,88,92,24,46
31,75,88,52,58,64,56
46,23,35,34,39,65,32
35,46,29,80,72,10,83
56,31,35,10,79,72,86
22,49,26,53,73,53,10
30,18,75,85,42,45,28
81,91,42,49,76,83,76
88,32,86,63,12,66,61
79,80,19,48,93,30,15
84,29,69,83,65,32,22
55,56,47,14,37,17,70
25,58,14,92,15,13,44
61,44,49,24,93,77,70
46,50,94,11,30,45,14
40,51,42,91,46,63,94
66,84,44,15,27,48,29
17,17,18,76,67,98,46
46,95,86,65,12,44,83
51,29,33,17,42,60,35
42,49,27,95,44,32,98
57,40,54,94,93,53,37
98,92,90,84,72,53,16
20,69,88,75,33,84,77
24,52,14,75,32,21,98
93,71,37,18,70,63,12
93,70,53,62,24,41,45
36,36,36,86,14,19,93
75,55,52,90,86,70,34
68,44,64,44,20,77,42
44,54,17,34,86,10,10
13,91,35,18,44,26,98
98,55,26,73,93,53,20
34,88,72,40,72,90,35
71,10,65,85,30,47,31
76,94,50,26,22,79,34
82,15,64,32,19,83,74
93,71,67,26,16,77,69
60,51,33,93,22,83,64
